lmonumo. XXXI

1111111111, 8. I„ 8888181818 8181888811118 81811188 181. 1. 1831111.
- 1111188388 u. 88881181188388 881181 8181 118813 381888181
1888111188. 811 1818-16.11. 1811-17.111.11. 1. 1817,

11118 8 88888111, 881818318 118818888881111111181.1. 1811.
181181, 1. I.. 11., 8811811188 1811811181 81 1811881188, 811811188118118
dep-rt 18 111888 8188188111881 1818118. 1801.
18118, 11., 118188818311181188118 8111111118 della provincia 1181111888.
111888 1838.
-88111 888811 1811. fluviatiliumque Europae 1833.
181188 81 11811881, 3811118188118118881188, ou 8118183118 81111811-
388, descriptis 81 18188881 188 1881883888 8188111111188181111811181
18 118881 181881 1838. 111. 1811.)
8888811838 811118 1881831881388181181188188. 1838-17.
18118881, 11, 8818183118 8111811118, 8118118818.811181881811118; 111
11818111111811818111881. 1138. - 1111181 by 111. 1188181. 1881.
1813.
0881 81 (18181811, 18 181838 181181181818. 8881 18111811. 1838.
8111888888, 18881818188 81 881188 sur quelques 8111818 111181. 811.
1881. - 8811. 1881. 183111). 83.
818318 1888188 188 88188888 8818181188,18818 81. 1831.
118818,1.81811,(18881818311818188181188. 181. 11 1818.
88188 1881831388 ptr 18 5881118 (18118118888. 1838-1811.
81818,1,11181 88111. 188 888813118181881181111811111188881111-
1188818 81 381181111881881 18 881188 (188 8811188818 Nice 81181
11888188111181881818811. 1881.
81888188181, R 11 18,88831831118181 1181 881 8888118181-1181-
1811811111 1838111 1118381111 1831. 111. vm. 1838.
m 8 1838. 11. 1818. 111. 1811.
—· 18 11138811 881888 18 1818838818811811 1113181.
8811, 1, 8., 1881188881818 speciesque 18 11111818 per orientem 11818
18818188 11. 8111 81118111 88118381881. 1833. ’
Sty, 11., 18 18818. 8111811881. 81 881. 88188888 811111818111111. I.
111111811111811111.11111.1111.
- 1181811888 (1888181831. 18311-38.
-188811111888 8188188 8881 1811881811 and 1181181118 1118118 81
North-Amorion 1883-81.Ν881-1181111881 1811.
88188111, 88881181188188818318118 1833.
—- 8818183118 conchyliorum 18381 neapolitani, 1838.
81111111, F. 1., 818188888811881818818118188 18118 1811181181111818
18118818188188 11811- 8. 3818888881-08881111188. 18111811 1817.
3818118,11.,881118818881.881-81181881818111181811. 1813.
8118181181 1183881,18118818883 188 1181118111 (1118181111 Con-
81111888111881 1111. 1883.
5111818181.(1.1., 88881188 88818811 81811818 181111118118118181
1818 18811888. (1888811. 1811.

 

